TD ID TJ DF Dd Db
6 2004 5 1 0 1
7 2005 5 2 0 2
7 2007 5 2 0 2
7 2008 5 2 0 2
7 2000 5 2 0 2
7 2006 5 2 0 2
8 2009 5 3 0 3
8 2017 8 0 0 0
8 2002 5 3 0 3
9 2019 8 1 0 1
9 2001 5 4 0 4
9 2018 8 1 0 1
9 2011 8 1 0 1
9 2015 8 1 0 1
9 2003 5 4 0 4
9 2012 8 1 0 1
10 2014 8 2 0 2
10 2022 9 1 0 1
10 2021 9 1 0 1
10 2029 9 1 0 1
11 2010 8 3 0 3
11 2013 8 3 0 3
11 2016 8 3 0 3
11 2027 9 2 0 2
11 2028 9 2 0 2
12 2026 9 3 0 3
12 2020 9 3 0 3
12 2023 9 3 0 3
12 2024 9 3 0 3
13 2025 9 4 0 4
16 2037 15 1 0 1
16 2030 15 1 0 1
16 2033 15 1 0 1
16 2039 15 1 0 1
16 2032 15 1 0 1
16 2035 15 1 0 1
17 2036 15 2 0 2
17 2031 15 2 0 2
17 2034 15 2 0 2
17 2047 17 0 0 0
18 2038 15 3 0 3
18 2041 17 1 0 1
18 2045 17 1 0 1
18 2040 17 1 0 1
19 2044 17 2 0 2
19 2042 17 2 0 2
19 2056 19 0 0 0
20 2048 17 3 0 3
20 2043 17 3 0 3
20 2052 19 1 0 1
21 2050 19 2 0 2
21 2057 19 2 0 2
21 2059 19 2 0 2
21 2046 17 4 0 4
21 2055 19 2 0 2
21 2053 19 2 0 2
21 2058 19 2 0 2
21 2054 19 2 0 2
21 2049 17 4 0 4
24 2051 19 5 0 5
25 2065 24 1 0 1
26 2064 24 2 0 2
26 2060 24 2 0 2
26 2061 24 2 0 2
26 2068 24 2 0 2
26 2079 26 0 0 0
26 2069 24 2 0 2
27 2066 24 3 0 3
27 2067 24 3 0 3
27 2071 26 1 0 1
27 2063 24 3 0 3
27 2062 24 3 0 3
27 2076 26 1 0 1
28 2078 26 2 0 2
28 2070 26 2 0 2
28 2073 26 2 0 2
28 2075 26 2 0 2
29 2072 26 3 0 3
29 2077 26 3 0 3
29 2074 26 3 0 3
30 2085 29 1 0 1
30 2081 29 1 0 1
31 2083 29 2 0 2
31 2096 30 1 0 1
31 2094 30 1 0 1
32 2086 29 3 0 3
32 2098 30 2 0 2
32 2090 30 2 0 2
33 2080 29 4 0 4
33 2082 29 4 0 4
33 2093 30 3 0 3
33 2109 33 0 0 0
33 2101 33 0 0 0
34 2089 29 5 0 5
34 2084 29 5 0 5
34 2087 29 5 0 5
34 2102 33 1 0 1
34 2115 34 0 0 0
34 2113 34 0 0 0
34 2106 33 1 0 1
35 2095 30 5 0 5
35 2097 30 5 0 5
35 2099 30 5 0 5
35 2088 29 6 0 6
35 2105 33 2 0 2
35 2112 34 1 0 1
36 2091 30 6 0 6
36 2124 35 1 0 1
36 2110 34 2 0 2
36 2116 34 2 0 2
37 2118 34 3 0 3
37 2103 33 4 0 4
37 2108 33 4 0 4
37 2128 35 2 0 2
37 2111 34 3 0 3
38 2127 35 3 0 3
38 2092 30 8 0 8
38 2114 34 4 0 4
38 2123 35 3 0 3
38 2126 35 3 0 3
38 2129 35 3 0 3
38 2100 33 5 0 5
40 2125 35 5 0 5
40 2117 34 6 0 6
40 2119 34 6 0 6
40 2107 33 7 0 7
40 2133 38 2 0 2
41 2121 35 6 0 6
41 2122 35 6 0 6
41 2104 33 8 0 8
41 2120 35 6 0 6
41 2134 38 3 0 3
41 2131 38 3 0 3
42 2132 38 4 0 4
42 2142 41 1 0 1
42 2145 41 1 0 1
42 2149 41 1 0 1
43 2137 38 5 0 5
43 2139 38 5 0 5
43 2157 42 1 0 1
43 2154 42 1 0 1
43 2153 42 1 0 1
44 2136 38 6 0 6
44 2138 38 6 0 6
44 2156 42 2 0 2
45 2160 44 1 0 1
45 2169 44 1 0 1
45 2168 44 1 0 1
45 2164 44 1 0 1
46 2135 38 8 0 8
46 2144 41 5 0 5
46 2146 41 5 0 5
46 2167 44 2 0 2
47 2148 41 6 0 6
47 2130 38 9 0 9
47 2158 42 5 0 5
47 2178 46 1 0 1
48 2188 48 0 0 0
48 2172 46 2 0 2
48 2173 46 2 0 2
48 2177 46 2 0 2
49 2140 41 8 0 8
49 2143 41 8 0 8
49 2150 42 7 0 7
49 2151 42 7 0 7
49 2152 42 7 0 7
49 2183 48 1 0 1
49 2185 48 1 0 1
50 2161 44 6 0 6
50 2181 48 2 0 2
51 2165 44 7 0 7
51 2141 41 10 0 10
51 2147 41 10 0 10
51 2155 42 9 0 9
51 2180 48 3 0 3
51 2187 48 3 0 3
52 2170 46 6 0 6
52 2174 46 6 0 6
52 2196 51 1 0 1
52 2193 51 1 0 1
52 2197 51 1 0 1
52 2202 52 0 0 0
52 2203 52 0 0 0
53 2166 44 9 0 9
53 2159 42 11 0 11
53 2182 48 5 0 5
54 2162 44 10 0 10
54 2171 46 8 0 8
54 2211 54 0 0 0
54 2215 54 0 0 0
54 2210 54 0 0 0
54 2195 51 3 0 3
55 2179 46 9 0 9
55 2163 44 11 0 11
55 2184 48 7 0 7
55 2206 52 3 0 3
55 2218 54 1 0 1
55 2216 54 1 0 1
55 2198 51 4 0 4
56 2220 55 1 0 1
57 2189 48 9 0 9
57 2175 46 11 0 11
57 2176 46 11 0 11
57 2239 57 0 0 0
57 2228 55 2 0 2
57 2219 54 3 0 3
57 2213 54 3 0 3
58 2190 51 7 0 7
58 2199 51 7 0 7
58 2186 48 10 0 10
58 2212 54 4 0 4
58 2226 55 3 0 3
59 2207 52 7 0 7
59 2244 59 0 0 0
60 2208 52 8 0 8
60 2209 52 8 0 8
60 2246 59 1 0 1
60 2259 60 0 0 0
60 2230 57 3 0 3
60 2241 59 1 0 1
61 2224 55 6 0 6
61 2191 51 10 0 10
61 2192 51 10 0 10
61 2200 52 9 0 9
61 2214 54 7 0 7
61 2253 60 1 0 1
61 2245 59 2 0 2
61 2251 60 1 0 1
61 2257 60 1 0 1
61 2255 60 1 0 1
61 2256 60 1 0 1
61 2248 59 2 0 2
62 2201 52 10 0 10
62 2204 52 10 0 10
62 2205 52 10 0 10
62 2252 60 2 0 2
62 2240 59 3 0 3
62 2261 62 0 0 0
63 2266 62 1 0 1
63 2264 62 1 0 1
64 2222 55 9 0 9
64 2227 55 9 0 9
64 2229 55 9 0 9
64 2194 51 13 0 13
64 2262 62 2 0 2
64 2269 62 2 0 2
65 2276 64 1 0 1
65 2272 64 1 0 1
65 2274 64 1 0 1
66 2231 57 9 0 9
66 2232 57 9 0 9
66 2234 57 9 0 9
66 2278 64 2 0 2
67 2221 55 12 0 12
67 2280 66 1 0 1
67 2289 66 1 0 1
67 2287 66 1 0 1
67 2279 64 3 0 3
68 2268 62 6 0 6
68 2247 59 9 0 9
68 2281 66 2 0 2
69 2233 57 12 0 12
70 2258 60 10 0 10
70 2235 57 13 0 13
70 2236 57 13 0 13
70 2238 57 13 0 13
70 2309 70 0 0 0
70 2299 69 1 0 1
71 2223 55 16 0 16
71 2242 59 12 0 12
71 2267 62 9 0 9
71 2243 59 12 0 12
71 2249 59 12 0 12
71 2307 70 1 0 1
71 2302 70 1 0 1
72 2283 66 6 0 6
72 2290 69 3 0 3
72 2293 69 3 0 3
72 2306 70 2 0 2
73 2250 60 13 0 13
73 2254 60 13 0 13
73 2314 72 1 0 1
73 2318 72 1 0 1
73 2315 72 1 0 1
74 2237 57 17 0 17
74 2273 64 10 0 10
74 2275 64 10 0 10
75 2263 62 13 0 13
75 2265 62 13 0 13
75 2217 54 21 0 21
75 2319 72 3 0 3
75 2313 72 3 0 3
75 2311 72 3 0 3
76 2284 66 10 0 10
76 2285 66 10 0 10
77 2301 70 7 0 7
77 2270 64 13 0 13
77 2325 76 1 0 1
77 2320 76 1 0 1
77 2323 76 1 0 1
77 2328 76 1 0 1
78 2225 55 23 0 23
78 2260 62 16 0 16
78 2317 72 6 0 6
78 2291 69 9 0 9
79 2294 69 10 0 10
79 2297 69 10 0 10
79 2282 66 13 0 13
79 2286 66 13 0 13
79 2322 76 3 0 3
80 2308 70 10 0 10
80 2347 80 0 0 0
80 2339 79 1 0 1
80 2331 79 1 0 1
80 2332 79 1 0 1
81 2312 72 9 0 9
81 2345 80 1 0 1
81 2344 80 1 0 1
81 2348 80 1 0 1
81 2342 80 1 0 1
81 2340 80 1 0 1
82 2295 69 13 0 13
82 2296 69 13 0 13
82 2298 69 13 0 13
83 2300 70 13 0 13
83 2271 64 19 0 19
84 2316 72 12 0 12
84 2358 84 0 0 0
85 2288 66 19 0 19
85 2352 84 1 0 1
86 2303 70 16 0 16
86 2304 70 16 0 16
86 2305 70 16 0 16
87 2292 69 18 0 18
87 2351 84 3 0 3
88 2334 79 9 0 9
88 2326 76 12 0 12
88 2327 76 12 0 12
88 2360 87 1 0 1
88 2361 87 1 0 1
88 2367 87 1 0 1
89 2349 80 9 0 9
89 2277 64 25 0 25
89 2350 84 5 0 5
90 2368 87 3 0 3
91 2310 72 19 0 19
91 2321 76 15 0 15
91 2333 79 12 0 12
91 2336 79 12 0 12
91 2337 79 12 0 12
91 2338 79 12 0 12
91 2370 90 1 0 1
91 2378 90 1 0 1
91 2374 90 1 0 1
91 2373 90 1 0 1
92 2343 80 12 0 12
92 2353 84 8 0 8
92 2371 90 2 0 2
93 2364 87 6 0 6
93 2365 87 6 0 6
93 2356 84 9 0 9
93 2359 84 9 0 9
93 2324 76 17 0 17
93 2372 90 3 0 3
94 2329 76 18 0 18
94 2341 80 14 0 14
94 2346 80 14 0 14
94 2375 90 4 0 4
94 2384 93 1 0 1
95 2396 94 1 0 1
95 2382 93 2 0 2
95 2399 94 1 0 1
95 2390 94 1 0 1
95 2389 93 2 0 2
96 2369 87 9 0 9
96 2357 84 12 0 12
96 2330 79 17 0 17
96 2408 96 0 0 0
96 2392 94 2 0 2
97 2354 84 13 0 13
97 2377 90 7 0 7
97 2362 87 10 0 10
97 2404 96 1 0 1
97 2401 96 1 0 1
98 2363 87 11 0 11
98 2391 94 4 0 4
98 2410 97 1 0 1
99 2426 98 1 0 1
99 2400 96 3 0 3
99 2423 98 1 0 1
99 2409 96 3 0 3
100 2379 90 10 0 10
100 2380 93 7 0 7
100 2383 93 7 0 7
100 2385 93 7 0 7
100 2422 98 2 0 2
100 2429 98 2 0 2
100 2420 98 2 0 2
100 2428 98 2 0 2
101 2388 93 8 0 8
101 2366 87 14 0 14
101 2403 96 5 0 5
101 2335 79 22 0 22
101 2430 100 1 0 1
101 2436 100 1 0 1
101 2424 98 3 0 3
102 2414 97 5 0 5
102 2355 84 18 0 18
102 2376 90 12 0 12
103 2387 93 10 0 10
103 2405 96 7 0 7
103 2406 96 7 0 7
103 2446 102 1 0 1
103 2441 102 1 0 1
104 2393 94 10 0 10
104 2394 94 10 0 10
104 2455 103 1 0 1
104 2452 103 1 0 1
104 2458 103 1 0 1
104 2454 103 1 0 1
105 2439 100 5 0 5
105 2425 98 7 0 7
105 2427 98 7 0 7
105 2456 103 2 0 2
105 2463 105 0 0 0
105 2460 105 0 0 0
105 2457 103 2 0 2
106 2443 102 4 0 4
106 2397 94 12 0 12
106 2412 97 9 0 9
106 2413 97 9 0 9
106 2416 97 9 0 9
106 2462 105 1 0 1
106 2459 103 3 0 3
106 2440 102 4 0 4
107 2418 97 10 0 10
107 2432 100 7 0 7
107 2453 103 4 0 4
107 2448 102 5 0 5
107 2461 105 2 0 2
107 2438 100 7 0 7
107 2402 96 11 0 11
108 2435 100 8 0 8
108 2421 98 10 0 10
108 2445 102 6 0 6
108 2447 102 6 0 6
108 2442 102 6 0 6
108 2466 105 3 0 3
108 2451 103 5 0 5
108 2444 102 6 0 6
108 2437 100 8 0 8
108 2386 93 15 0 15
109 2434 100 9 0 9
109 2407 96 13 0 13
109 2449 102 7 0 7
109 2417 97 12 0 12
109 2415 97 12 0 12
109 2431 100 9 0 9
109 2381 93 16 0 16
109 2411 97 12 0 12
110 2468 105 5 0 5
110 2450 103 7 0 7
110 2464 105 5 0 5
110 2398 94 16 0 16
111 2469 105 6 0 6
111 2433 100 11 0 11
111 2465 105 6 0 6
111 2467 105 6 0 6
111 2419 97 14 0 14
111 2476 111 0 0 0
111 2395 94 17 0 17
112 2474 111 1 0 1
113 2470 111 2 0 2
113 2471 111 2 0 2
113 2473 111 2 0 2
113 2475 111 2 0 2
113 2485 112 1 0 1
113 2472 111 2 0 2
113 2486 112 1 0 1
113 2481 112 1 0 1
113 2483 112 1 0 1
114 2477 111 3 0 3
114 2489 112 2 0 2
114 2478 111 3 0 3
114 2495 113 1 0 1
114 2484 112 2 0 2
114 2482 112 2 0 2
115 2479 111 4 0 4
115 2493 113 2 0 2
115 2491 113 2 0 2
116 2494 113 3 0 3
116 2496 113 3 0 3
116 2490 113 3 0 3
116 2497 113 3 0 3
116 2499 113 3 0 3
117 2498 113 4 0 4
117 2492 113 4 0 4
117 2480 112 5 0 5
117 2487 112 5 0 5
117 2488 112 5 0 5
Earth Army
Total Earth Soliders: 563  Total Earth Tanks: 318 Total Earth Gunnery: 301
Percentage Of Destructed Units Relative To Their Total:
Earth Soliders: 0 Earth Tanks: 0 Earth Gunnery: 0
Percentage Of Total Destructed Units Relative To Their Total:0
0 0 0
0 0
Total Healed ratio: 0
Alien Army
Total Alien Soldiers: 979  Total Alien Monester: 559 Total Alien Drones: 431
Percentage Of Destructed Units Relative To Their Total : Alien Soldiers: 100 Alien Monesters: 100 Alien Drones: 100
Percentage Of Total Destructed Units Relative To Their Total:100
5 0 5
1 0
